0001110000000001000000
0001010000000001000000
0001001000000001000000
0001101000001000011000
0001101000010100011000
0001100000010010011000
0000101000001100000000
0000010000000000001100
0000011000000000100110
0000011000000000100001
0000100100000001000001
0000011000000001111110
0000000000000000111100
0000000000000000000000
0000000000000000000000
0000000000000000000000
0000000000110000000011
0000000000011000000001
0000000000001100000011
0000000000000110110110
0000000000001100011100
0000000000000010001000

